3.53544
3534599057
1776059406
5488000001

3.56055
3527274654
1580716070
5488000001

3.456
3527377759
1409069393
5488000001

3.62158
3527260201
1702271066
5488000001

3.46686
3527304587
1576912780
5488000001

3.51051
3527266995
1435246419
5488000001

3.48857
3527276238
1400127449
5488000001

3.43167
3527278993
1580292357
5488000001

3.56344
3527398275
1472044356
5488000001

3.5127
3527429677
1646321154
5488000001

3.53484
3527282596
1569987332
5488000001

3.51537
3527379076
1571117997
5488000001

3.53612
3527364015
1618109385
5488000001

3.47713
3527276769
1665257067
5488000001

3.58037
3526991745
1892448989
5488000001

3.58781
3527376991
1652125120
5488000001

3.49954
3527199828
1395716713
5488000001

3.48476
3527282498
1423510164
5488000001

3.54895
3527380039
1705906312
5488000001

3.52017
3527266390
1488701234
5488000001
