18.5445
9076452929
8188784891
11664000001

18.3146
9061169733
8496672993
11664000001

18.2208
9061124941
8259053104
11664000001

18.1722
9061252489
8377785255
11664000001

18.186
9061254535
7744814957
11664000001

18.1415
9061374837
7930517879
11664000001

18.1849
9061273913
7722425076
11664000001

18.23
9061326508
8358013591
11664000001

18.1977
9061260931
7767561019
11664000001

18.1775
9061365792
7999732519
11664000001

18.1439
9061320591
7639469776
11664000001

18.1251
9061341162
7882596816
11664000001

18.1345
9061283709
7351268216
11664000001

18.133
9061314283
7807001012
11664000001

18.2399
9061323861
7819987453
11664000001

18.22
9061267280
8162523965
11664000001

18.1893
9061364039
7710758249
11664000001

18.1698
9061342220
7869175610
11664000001

18.1727
9061251401
8202438049
11664000001

18.2999
9061271133
8291074395
11664000001
