37.4758
17638755588
18411739001
21296000001

37.6091
17639204798
19497567452
21296000001

37.4161
17639070516
18295062724
21296000001

37.5209
17638831468
19985565298
21296000001

37.601
17639062534
17659251557
21296000001

37.5656
17639281585
19304807664
21296000001

37.3744
17638802994
19108659134
21296000001

37.5504
17639032596
20382876040
21296000001

37.4004
17639220286
18475251553
21296000001

37.5858
17639060862
19523189407
21296000001

37.341
17638806201
19584987087
21296000001

37.8594
17639010256
21190993313
21296000001

37.9308
17638813872
21393165523
21296000001

38.0434
17639051869
21951059362
21296000001

37.9713
17638732504
21257441483
21296000001

38.1655
17638921474
22627056027
21296000001

38.0185
17639171355
22132268704
21296000001

38.0676
17639283058
22744474094
21296000001

38.1064
17639028660
22869435355
21296000001

38.6387
17639264884
22800947900
21296000001
