0.186409
244787205
39846055
432000001

0.185997
244792749
39744544
432000001

0.184539
244789076
39970231
432000001

0.187564
244790770
40064873
432000001

0.187153
244788742
40398439
432000001

0.187073
244795278
39326256
432000001

0.187551
244794190
41854840
432000001

0.187011
244792803
39984470
432000001

0.185955
244794518
41696115
432000001

0.185948
244792826
39044903
432000001

0.186669
244789631
39614675
432000001

0.1882
244803552
39633177
432000001

0.193573
244804458
39294547
432000001

0.202279
244853028
39340431
432000001

0.192627
244804119
40841601
432000001

0.187852
244794517
40157336
432000001

0.185841
244795492
41067880
432000001

0.185764
244788698
39725527
432000001

0.185961
244790358
39645526
432000001

0.186477
244788335
41364228
432000001
