27.8906
9092126858
23559635925
137438957569

27.9575
9092025161
23529361604
137438957569

27.6694
9092494554
23483083284
137438957569

27.6019
9092642687
23570912119
137438957569

27.4856
9092963871
23571838265
137438957569

27.3999
9091621800
23571259355
137438957569

27.5325
9092200679
23573026508
137438957569

27.2584
9091652833
23502384657
137438957569

27.2132
9090655009
23601771346
137438957569

27.2386
9091538915
23598385182
137438957569

27.3483
9091789554
23608933764
137438957569

27.6368
9091291263
23574148410
137438957569

27.2492
9092268618
23507645490
137438957569

27.0898
9091248388
23583971596
137438957569

27.0979
9091521895
23590522465
137438957569

27.1855
9091932575
23607076335
137438957569

27.2591
9091953375
23588163319
137438957569

27.3
9091357929
23580172055
137438957569

27.2428
9091545291
23572514417
137438957569
