113.895
30861831946
78585230241
463856474113

110.857
30857899854
78633478439
463856474113

110.871
30857600409
78652729504
463856474113

111.61
30857362211
78651972700
463856474113

111.372
30858337212
78725164173
463856474113

111.472
30857953918
78704412377
463856474113

111.533
30858288397
78715644126
463856474113

111.371
30858065957
78747073349
463856474113

111.57
30858277612
78545303444
463856474113

111.524
30858113661
78731633752
463856474113

111.497
30858168088
78729895305
463856474113

112.35
30858374133
78629269594
463856474113

111.539
30858194169
78717314210
463856474113

111.341
30858591584
78786441542
463856474113

111.602
30858101359
78721482359
463856474113

111.256
30858702562
78783912115
463856474113

111.727
30857787033
78736322245
463856474113

111.062
30858953504
78851164370
463856474113

111.114
30859195093
78196332116
463856474113

111.177
30858940700
78832199216
463856474113
