27.5793
8776709062
19817477656
137438957569

27.773
8774954999
19949391191
137438957569

27.0974
8773154850
19696139924
137438957569

27.1165
8772655885
19720129710
137438957569

29.1131
8773289302
19734159953
137438957569

26.3042
8773893234
19685367548
137438957569

26.1823
8773648599
19806803946
137438957569

26.2695
8773807837
19768226656
137438957569

26.1931
8773903639
19816896558
137438957569

26.2069
8774408726
19817249661
137438957569

26.217
8774107908
19803169808
137438957569

26.1357
8774293038
19805500115
137438957569

26.0639
8774037479
19815274896
137438957569

27.0752
8773840745
19816913795
137438957569

26.2257
8774302520
19799135864
137438957569

26.2208
8774858261
19819910994
137438957569

26.1664
8774731209
19818947940
137438957569

26.1578
8773391074
19816677696
137438957569

26.2039
8774175076
19817352602
137438957569
