110.589
29613049320
67539904667
463856474113

111.06
29614965268
67556597449
463856474113

109.157
29615600283
67636374794
463856474113

110.842
29615436951
67598312377
463856474113

109.554
29615413708
67600583839
463856474113

108.611
29616373288
67676283747
463856474113

108.968
29613924947
67620613141
463856474113

109.954
29617900718
67624125438
463856474113

108.797
29616081954
67679286052
463856474113

108.813
29617005858
67675322889
463856474113

109.019
29617103783
67689262160
463856474113

108.546
29618029819
67651315223
463856474113

108.118
29619112930
67732032308
463856474113

108.119
29618307326
67722700863
463856474113

107.895
29618613015
67734452913
463856474113

107.928
29617742836
67744403507
463856474113

107.89
29618168628
67717051869
463856474113

108.281
29619023302
67642778543
463856474113

107.914
29618402054
67657863200
463856474113

107.723
29619119929
67748995465
463856474113
