0.538137
14770277
64569914
250001005

0.532255
15025865
65803262
250001005

0.530189
15235281
68892774
250001005

0.542531
15065197
66589886
250001005

0.53835
14720086
66637188
250001005

0.541105
14320037
65662665
250001005

0.543767
14496240
65585474
250001005

0.561894
15530354
68710355
250001005

0.554524
15267747
65981699
250001005

0.562542
15149868
67120652
250001005

0.569148
15282023
69984368
250001005

0.559018
14617138
66845754
250001005

0.558094
14977941
67178775
250001005

0.553117
14130771
67389725
250001005

0.562073
14310872
66160385
250001005

0.556219
15603735
65337219
250001005

0.556118
15041186
66739987
250001005

0.560512
14697782
65268548
250001005

0.556651
15890183
69914016
250001005

0.565656
14385392
64875020
250001005

