1.03625
19393244
90397218
686001405

0.951524
24868223
112162361
686001405

0.98629
25409574
116588020
686001405

0.976412
25392914
114299345
686001405

0.985153
26149165
116149517
686001405

0.978682
27338983
118546058
686001405

0.976667
25432084
112683303
686001405

0.97146
25061102
114023980
686001405

0.92286
25672233
112094282
686001405

0.958981
26333893
115329249
686001405

0.982667
26428426
118479256
686001405

0.980778
27308297
120546176
686001405

1.00247
26501896
119668936
686001405

0.990268
24901111
113790868
686001405

0.980683
26021021
115377543
686001405

0.996746
27057372
117967020
686001405

0.993551
26089970
116183822
686001405

0.98356
25225692
115533229
686001405

0.971067
26019967
115661427
686001405

1.00891
27780064
122061165
686001405

