4.27133
141838054
382705579
1458001805

3.36463
142744246
388245185
1458001805

3.19119
142846628
392816400
1458001805

3.23908
142730114
391554652
1458001805

3.16762
142478473
388974203
1458001805

3.19795
142512839
393994405
1458001805

3.18437
142204972
390368214
1458001805

3.29287
142109777
389603884
1458001805

3.81476
142630131
389058417
1458001805

4.41544
142612994
383892291
1458001805

3.69891
142539015
387380493
1458001805

3.9376
142478288
385672796
1458001805

3.32238
142155076
391783086
1458001805

3.3736
142172010
388840291
1458001805

3.33035
142262979
389916666
1458001805

4.35025
142594006
383366249
1458001805

3.19315
142226327
391546881
1458001805

4.22387
142607204
387350344
1458001805

3.53201
142678178
392874403
1458001805

3.36522
142441234
392457079
1458001805

