2.7632
51926433
228087435
2662002205

2.714
48497323
230107575
2662002205

2.66156
49496559
230081168
2662002205

2.65114
49744546
230381976
2662002205

2.65406
47013170
228293348
2662002205

2.63842
47213536
219510607
2662002205

2.6337
47579716
219539449
2662002205

2.63399
47212344
214410150
2662002205

2.62601
47938663
220669375
2662002205

2.63491
46955776
218664177
2662002205

2.65477
48751771
224245555
2662002205

2.87498
50440247
226351239
2662002205

2.86526
48705168
232971778
2662002205

2.85049
46793031
228113445
2662002205

2.84337
49830274
226607197
2662002205

2.85593
46383498
224316379
2662002205

2.87054
47885093
226634111
2662002205

2.83991
46377973
224226392
2662002205

2.86594
47699233
224716621
2662002205

2.85621
48044945
222659225
2662002205

