3.85393
91530891
346066327
4394002605

3.79324
84214804
324679094
4394002605

3.83427
87470580
334178121
4394002605

3.78349
86851311
332984593
4394002605

3.80185
87247831
333157488
4394002605

3.85899
87478394
341130567
4394002605

3.83417
88178294
332716884
4394002605

3.98476
86525327
326097490
4394002605

4.13371
88183424
330798926
4394002605

4.15724
87583522
333032709
4394002605

4.14333
86074395
332814630
4394002605

4.15804
87315225
333915549
4394002605

4.12623
84947114
325572009
4394002605

4.10198
83968227
327388937
4394002605

4.11559
81755884
317466256
4394002605

4.12962
90073153
346163103
4394002605

4.13156
84007552
328901547
4394002605

4.1153
86564347
330119655
4394002605

4.11699
85296934
338186485
4394002605

4.14768
83140844
320295454
4394002605

