14.5107
563546288
1279145393
6750003005

14.4621
563241373
1265870579
6750003005

14.5488
563804077
1266527447
6750003005

14.5319
563054776
1256759244
6750003005

14.5074
562707248
1265014855
6750003005

14.5039
562735941
1263237951
6750003005

14.5159
562781570
1258334842
6750003005

14.7271
562899520
1257204438
6750003005

14.4685
562987307
1271167218
6750003005

14.4943
563002005
1272116612
6750003005

14.5743
562662400
1274079396
6750003005

14.5138
562616739
1274321695
6750003005

14.4765
562742081
1262467902
6750003005

14.5012
563524834
1271345068
6750003005

14.5194
562530540
1259266132
6750003005

14.4924
563082631
1259583873
6750003005

14.4881
563120192
1271297357
6750003005

14.4764
563610512
1272001444
6750003005

14.493
563362357
1272238725
6750003005

14.5126
562883178
1269966768
6750003005

