10.6381
139379048
682184574
17179873285

10.5697
131999810
677380106
17179873285

11.0964
134163374
637343871
17179873285

11.8378
140297280
723814647
17179873285

11.8087
138933244
710350506
17179873285

11.8617
138435120
683636193
17179873285

11.7585
128642805
637903387
17179873285

11.7018
122100405
647938211
17179873285

11.7936
128290502
686080500
17179873285

11.807
132802882
694180710
17179873285

11.7457
128775192
632533333
17179873285

11.8484
137940752
717596387
17179873285

11.7425
128434136
672901226
17179873285

11.8619
131498484
683307288
17179873285

11.7226
129343507
625170455
17179873285

11.7328
129531049
641730289
17179873285

11.8005
130050161
677618928
17179873285

11.682
122804339
597307245
17179873285

11.8074
129168504
640958746
17179873285

11.9989
135612223
709661401
17179873285

