0.172553
7091527
29557402
54000605

0.17582
5602684
26366810
54000605

0.176047
5454712
25910365
54000605

0.1797
5622331
26230443
54000605

0.181182
5362241
26174941
54000605

0.180335
5346556
25598785
54000605

0.181811
5808016
27614392
54000605

0.180533
5803675
28463064
54000605

0.180493
5626690
26884911
54000605

0.18021
5877363
27735938
54000605

0.180656
5524934
25651010
54000605

0.179415
5845268
27381209
54000605

0.182058
5742172
27160575
54000605

0.182031
5633122
26146435
54000605

0.190423
5607487
26908102
54000605

0.180951
5935384
28006279
54000605

0.181375
5423931
26242403
54000605

0.18243
5783492
25732886
54000605

0.180479
5532194
25833217
54000605

0.182281
5538584
25502751
54000605

