30.9684
341624078
1758399150
57982064645

32.6795
339425439
1729118387
57982064645

32.9617
356584395
1928381196
57982064645

32.8567
357896328
1874828330
57982064645

32.8357
356262757
1877069220
57982064645

32.8269
353981608
1865005603
57982064645

32.9033
357262763
1925791950
57982064645

32.9075
356148976
1907727177
57982064645

32.8812
357684441
1933400825
57982064645

33.4807
357695897
1865846339
57982064645

32.9513
357164160
1852104200
57982064645

32.9523
354205861
1856085852
57982064645

32.8779
359634735
1846990582
57982064645

32.9978
354720822
1887708860
57982064645

32.9354
359025773
1960875128
57982064645

32.9878
357038557
1888098643
57982064645

32.8569
354785335
1919329096
57982064645

32.7614
340950256
1803099554
57982064645

34.442
348049608
1810722216
57982064645

32.8705
358171225
1913840963
57982064645

