1.17347
1215307403
308751166
2000000001

1.23579
1224751707
314346191
2000000001

1.30537
1224784686
344454524
2000000001

1.2221
1224793246
317130349
2000000001

1.26796
1224767877
315458781
2000000001

1.23274
1224761871
340080560
2000000001

1.21842
1224758788
300359790
2000000001

1.21669
1224775016
328391233
2000000001

1.19471
1224773690
286670527
2000000001

1.20373
1224812792
329802835
2000000001

1.21391
1224774579
323280293
2000000001

1.20869
1224753989
293795630
2000000001

1.21242
1224774202
333056189
2000000001

1.21572
1224780918
342556652
2000000001

1.20397
1224775441
278425634
2000000001

1.20613
1224769185
291019806
2000000001

1.21692
1224772064
320061807
2000000001

1.224
1224792286
313122402
2000000001

1.21934
1224827216
333095244
2000000001

1.20668
1224764832
329240419
2000000001
