68.4342
30894288597
50948198369
35152000001

68.3148
30893855176
51000090926
35152000001

69.1671
30893559747
51897128113
35152000001

68.0294
30894736242
50247391433
35152000001

70.2026
30893620037
51949469729
35152000001

68.4218
30894224907
50990943223
35152000001

68.5671
30894227338
51016700715
35152000001

68.5354
30894274488
51122652624
35152000001

68.984
30893671953
51460380478
35152000001

68.226
30895158434
51159942979
35152000001

68.9066
30894771228
51242498056
35152000001

68.6384
30894241443
51802099938
35152000001

68.4385
30894083416
51204452392
35152000001

68.7287
30893705634
51317178958
35152000001

68.8215
30894608328
50636075496
35152000001

67.861
30895186129
50086013982
35152000001

68.7372
30894294856
51046949624
35152000001

68.2399
30895312635
50729265676
35152000001

68.4251
30894598161
50775294663
35152000001

68.6264
30894332251
50697887051
35152000001
