116.319
50292451689
94490368323
54000000001

115.784
50292062490
94431454454
54000000001

116.347
50292570783
95247350828
54000000001

115.564
50292354247
94242254272
54000000001

115.799
50292595550
95020597077
54000000001

115.938
50292048668
96068475308
54000000001

116.533
50292273128
95421667854
54000000001

115.993
50291894417
94772850124
54000000001

115.713
50292151768
95100466187
54000000001

115.409
50292572866
95159732810
54000000001

115.737
50292783471
95768781333
54000000001

115.884
50292539882
95879483365
54000000001

115.555
50292716671
95489848849
54000000001

116.978
50292702978
96221844346
54000000001

115.764
50292107073
95759967968
54000000001

116.062
50292862267
95873364983
54000000001

115.173
50292221115
95481526073
54000000001

115.723
50292486895
95792117725
54000000001

115.31
50292302244
96112742653
54000000001

114.002
50293203526
96325751217
54000000001
