0.0696651
15713121
32846145
250001005

0.0707994
15705554
32802468
250001005

0.0716047
15708431
32834606
250001005

0.0721611
15707408
32759956
250001005

0.0711418
15707755
32808814
250001005

0.0711585
15708167
32797599
250001005

0.0715075
15708144
32804239
250001005

0.0788058
15708007
32801981
250001005

0.0715393
15707505
32853027
250001005

0.0724685
15707574
32836499
250001005

0.0715843
15708056
32893266
250001005

0.0714104
15708566
32891741
250001005

0.0712602
15708439
32841065
250001005

0.0719732
15707967
32792869
250001005

0.0728
15707970
32828560
250001005

0.0732447
15708100
32825211
250001005

0.0727413
15708762
32859212
250001005

0.0766964
15709377
32795784
250001005

0.083289
15709605
32770809
250001005

0.0809348
15709681
32781771
250001005

