0.230248
43448120
87396077
686001405

0.22998
43401037
87494267
686001405

0.231927
43407458
87436142
686001405

0.246994
43405289
87338547
686001405

0.313678
43449888
86798356
686001405

0.27962
43424223
87964247
686001405

0.282742
43415284
85901147
686001405

0.256181
43409222
86863543
686001405

0.238508
43406597
87364028
686001405

0.239493
43410176
87291195
686001405

0.237251
43408807
87311636
686001405

0.257783
43414382
87579400
686001405

0.275074
43425178
87523986
686001405

0.286835
43438182
87534625
686001405

0.286841
43436666
87436695
686001405

0.239507
43409736
87317628
686001405

0.240548
43411055
87230775
686001405

0.243017
43411113
86870728
686001405

0.237897
43406727
87214794
686001405

0.29078
43416274
86522225
686001405

