0.536751
93563169
185785796
1458001805

0.536485
93456084
186142536
1458001805

0.542488
93453105
186209125
1458001805

0.567267
93470731
184283176
1458001805

0.554962
93461818
185921067
1458001805

0.54397
93450965
186137379
1458001805

0.545693
93456154
186075226
1458001805

0.540465
93455773
186325313
1458001805

0.546379
93454078
186234694
1458001805

0.558568
93466838
185513643
1458001805

0.547102
93450425
186241954
1458001805

0.55114
93462432
185829138
1458001805

0.546964
93448382
186270054
1458001805

0.552827
93459281
186003650
1458001805

0.547803
93447783
186253944
1458001805

0.54501
93455410
186182063
1458001805

0.540613
93456292
186410744
1458001805

0.545185
93460536
186104602
1458001805

0.546038
93457714
186154838
1458001805

0.542706
93456675
186394374
1458001805

