1.0025
258745766
337033436
2662002205

1.01593
258730610
335207376
2662002205

1.08393
258868435
338510270
2662002205

1.08174
258888878
339866995
2662002205

1.07113
258902422
339961138
2662002205

1.07697
258883674
339266390
2662002205

1.07427
258894800
339849336
2662002205

1.08831
258922936
339496143
2662002205

1.08813
258880311
338721947
2662002205

1.08441
258889143
339405642
2662002205

1.24344
258877599
336083297
2662002205

1.20104
258699767
330270885
2662002205

1.07912
258894920
338860414
2662002205

1.07448
258894009
339133793
2662002205

1.0729
258882081
339151618
2662002205

1.07596
258907802
340317569
2662002205

1.09096
258873946
339216645
2662002205

1.08845
258911925
340072313
2662002205

1.08726
259098620
339830828
2662002205

1.07257
258911281
340326875
2662002205

