1.68323
549840553
554786332
4394002605

1.67202
549861241
556611701
4394002605

1.71299
549962709
551394967
4394002605

1.69037
549965651
553051095
4394002605

1.70615
549966570
551930023
4394002605

1.72467
549939033
550668098
4394002605

1.70372
549958643
552929923
4394002605

1.69031
549967386
553498820
4394002605

1.68687
549848167
552302660
4394002605

1.77549
549849351
555801137
4394002605

1.83737
549856605
557657088
4394002605

1.81212
549871203
559884453
4394002605

1.80819
549883130
560190944
4394002605

1.83005
549866209
558679890
4394002605

1.81023
549875300
559789474
4394002605

1.83778
549851165
558481541
4394002605

1.82634
549867324
558492871
4394002605

1.83938
549858550
558954273
4394002605

1.81955
549857440
558044460
4394002605

1.80181
549868634
559190976
4394002605

