2.63749
845338783
841583037
6750003005

2.65506
845339619
842507487
6750003005

2.60748
845339632
845789555
6750003005

2.65513
845339970
844439174
6750003005

2.61816
845337397
846266942
6750003005

2.61256
845336796
846748878
6750003005

2.63514
845338870
846382267
6750003005

2.83163
845312371
835859534
6750003005

2.81565
845349917
858314202
6750003005

2.90258
845363964
857856134
6750003005

2.97517
845342000
851925049
6750003005

2.8279
845344865
861372143
6750003005

2.84563
845356155
855863230
6750003005

2.85028
845349677
860423989
6750003005

2.83671
845359505
855910710
6750003005

2.78954
845358994
863323848
6750003005

2.88426
845360482
854381591
6750003005

2.85243
845354711
860497135
6750003005

2.81651
845356345
859355048
6750003005

2.82121
845358611
859075264
6750003005

