7.41359
2206353359
2123260670
17179873285

7.48098
2208599862
2114668142
17179873285

7.08708
2209090402
2129122053
17179873285

7.75754
2211547127
2166587875
17179873285

7.99911
2210366002
2151893427
17179873285

7.61494
2211965605
2170029937
17179873285

8.14383
2210143375
2148583059
17179873285

7.68416
2210669484
2159959835
17179873285

7.70626
2210200952
2160816959
17179873285

8.00542
2210061136
2149111030
17179873285

7.47137
2211231300
2174174731
17179873285

7.90077
2210298559
2153919212
17179873285

7.51969
2211689269
2173071634
17179873285

7.41744
2212939269
2175349242
17179873285

7.68629
2211315626
2168076758
17179873285

7.70171
2210622154
2166367005
17179873285

7.75456
2211342200
2165916447
17179873285

7.50767
2211451871
2180505352
17179873285

7.88551
2209992209
2158157172
17179873285

7.97189
2210039856
2157015159
17179873285

