0.0148412
3393044
7154786
54000605

0.0152122
3393716
7136899
54000605

0.0145725
3394424
7152792
54000605

0.0151922
3395573
7128616
54000605

0.0144618
3393504
7149625
54000605

0.0147706
3393752
7147908
54000605

0.0153211
3394230
7145319
54000605

0.0146114
3392669
7147704
54000605

0.0152356
3394940
7152777
54000605

0.0146604
3395046
7158177
54000605

0.0153466
3395268
7133368
54000605

0.0146464
3393399
7145597
54000605

0.0152851
3394700
7147108
54000605

0.0146862
3393619
7147032
54000605

0.0150981
3393478
7143227
54000605

0.0152053
3396190
7129008
54000605

0.0148161
3393780
7147046
54000605

0.0151758
3393218
7136943
54000605

0.0147011
3395225
7138856
54000605

0.0153237
3394362
7141846
54000605

