27.2222
7446177671
7099872248
57982064645

28.986
7455138467
7181609539
57982064645

28.777
7452810358
7178592766
57982064645

28.8681
7458168530
7184935421
57982064645

29.9894
7455027684
7101193617
57982064645

29.1297
7448275875
7156718853
57982064645

29.3428
7449868877
7155063269
57982064645

28.6945
7453559300
7193844613
57982064645

29.9447
7453595378
7112771607
57982064645

27.8188
7459333057
7196184516
57982064645

30.1485
7445788791
7097236043
57982064645

28.9632
7460020940
7173416383
57982064645

29.3449
7452027399
7156388060
57982064645

27.9272
7461799342
7225634656
57982064645

30.4635
7455486812
7110904400
57982064645

28.9662
7457800893
7209390404
57982064645

29.1746
7455680148
7183450324
57982064645

28.3551
7461421454
7225563884
57982064645

28.8044
7457018411
7186643636
57982064645

29.4195
7457723693
7167473169
57982064645

