0.476335
125703660
264324976
2000001001

0.47943
125701045
264502632
2000001001

0.482947
125702419
264660528
2000001001

0.483325
125698658
264596031
2000001001

0.484659
125700302
264135330
2000001001

0.482253
125702111
264483292
2000001001

0.504815
125708315
263314039
2000001001

0.572603
125710926
258426533
2000001001

0.499722
125708297
263642797
2000001001

0.498821
125706929
263789476
2000001001

0.519231
125709637
262993351
2000001001

0.585874
125709472
257266947
2000001001

0.517297
125705967
262403454
2000001001

0.525627
125711059
262200047
2000001001

0.581525
125714299
256623746
2000001001

0.501043
125704670
262849716
2000001001

0.511998
125706801
262833728
2000001001

0.517679
125704604
262650338
2000001001

0.500536
125704483
263789292
2000001001

0.483873
125701120
264352149
2000001001
