686.135
273453282391 
266001931943 
2147483658242 

670.731 
273412865603 
267915134002 
2147483658242 

678.036 
273553796282 
261890440481 
P2147483658242 

682.041 
273546867675 
263873900687 
2147483658242 

682.685 
273530246474 
262552459637 
2147483658242 

690.973 
273469068864 
272957207573 
2147483658242 

688.587 
273504513965 
282155845686 
2147483658242 

667.373 
273585774740 
279972376190 
2147483658242 

660.951 
273555026006 
276834733315 
2147483658242 

667.423 
273547965504 
282774674830 
2147483658242 