1.60153
346111271
701817287
5488001401

1.84641
346089337
663664692
5488001401

1.92024
346015717
664668632
5488001401

1.80955
345979808
681590389
5488001401

1.97681
345978242
663310099
5488001401

1.8982
345981553
674087157
5488001401

1.87797
345979578
679218723
5488001401

1.75845
345976043
691164329
5488001401

1.58215
345953115
709062876
5488001401

1.63386
345952356
704649836
5488001401

2.00305
345988547
661071186
5488001401

2.01154
345985095
663278396
5488001401

1.76821
345961777
688065857
5488001401

1.63893
345967796
701671073
5488001401

2.05443
345977977
664079113
5488001401

1.57754
345950328
708297390
5488001401

1.57373
345953750
709854754
5488001401

1.57275
345950503
708443164
5488001401

1.56484
345951153
709970069
5488001401

1.57548
345950119
708814635
5488001401
