3.37935
745233260
1461821403
11664001801

3.38969
744570292
1458214000
11664001801

3.38143
744582198
1461796524
11664001801

3.39009
744579114
1459794699
11664001801

3.40549
744573183
1455589675
11664001801

3.37889
744569961
1462010070
11664001801

3.38637
744579944
1461063768
11664001801

3.3905
744586738
1460159084
11664001801

3.38596
744576364
1460796647
11664001801

3.38988
744574792
1461193960
11664001801

3.38271
744582959
1460601539
11664001801

3.38311
744584966
1460783946
11664001801

3.38411
744575402
1460143002
11664001801

3.38925
744582329
1461030848
11664001801

3.38388
744573437
1460293120
11664001801

3.39762
744577234
1454509923
11664001801

3.38646
744569307
1459763333
11664001801

3.38261
744584557
1462320419
11664001801

3.38546
744576546
1460279638
11664001801

3.38607
744583292
1462041007
11664001801
