6.23848
2073824283
2579195145
21296002201

6.22562
2074000908
2588692948
21296002201

6.21797
2074128948
2588998630
21296002201

6.20957
2073972173
2588945334
21296002201

6.22388
2074041245
2589402729
21296002201

6.20867
2074001807
2588713278
21296002201

6.22332
2073904457
2588856020
21296002201

6.21956
2073952548
2591260053
21296002201

6.21204
2074029529
2591903362
21296002201

6.21757
2073984260
2587105665
21296002201

6.22203
2073928565
2589149199
21296002201

6.22138
2073999177
2587045245
21296002201

6.22274
2074058352
2587757696
21296002201

6.20884
2073885244
2591179324
21296002201

6.22497
2074100572
2590906005
21296002201

6.21568
2073912275
2592880166
21296002201

6.24069
2073817396
2583023501
21296002201

6.20369
2074033477
2592399338
21296002201

6.26601
2073927200
2588873433
21296002201

6.2402
2073986799
2591466338
21296002201
