10.5063
4412426435
4221930027
35152002601

10.4756
4412455893
4229668930
35152002601

10.4767
4412447715
4222715589
35152002601

10.4587
4412447746
4226439758
35152002601

10.4631
4412434790
4225682514
35152002601

10.4682
4412433138
4220753429
35152002601

10.4742
4412434272
4223626362
35152002601

10.4819
4412454020
4227453538
35152002601

10.4626
4412434428
4225266008
35152002601

10.4656
4412437232
4223977924
35152002601

10.4756
4412444573
4227897181
35152002601

10.4722
4412421949
4223826178
35152002601

10.4699
4412440462
4228647728
35152002601

10.4693
4412435019
4225245123
35152002601

10.4645
4412422663
4225059819
35152002601

10.4798
4412436534
4222887494
35152002601

10.5237
4412412739
4220145569
35152002601

10.4911
4412447499
4226868122
35152002601

10.4902
4412432744
4224474786
35152002601

10.4728
4412436707
4221921928
35152002601
