16.2207
6779574729
6394300558
54000003001

16.0805
6779598178
6400953471
54000003001

16.0717
6779596608
6403518381
54000003001

16.0234
6779606835
6405824692
54000003001

16.0749
6779587169
6405581535
54000003001

16.0453
6779594809
6403237816
54000003001

16.0696
6779586864
6401660477
54000003001

16.0645
6779589119
6401981199
54000003001

16.0802
6779584930
6394628989
54000003001

16.0717
6779595793
6400382163
54000003001

16.0908
6779599435
6405198354
54000003001

16.0506
6779600462
6401384545
54000003001

16.1978
6779586830
6398667520
54000003001

16.0673
6779615932
6396537699
54000003001

16.0725
6779604581
6408768803
54000003001

16.2644
6779577681
6401620998
54000003001

16.1645
6779582248
6408150351
54000003001

16.077
6779595190
6396013072
54000003001

16.066
6779610187
6397922856
54000003001

16.0453
6779590696
6406381376
54000003001
