0.100445
27110934
56970930
432000601

0.100136
27108704
57062746
432000601

0.100108
27109810
57056028
432000601

0.100565
27111280
57073426
432000601

0.100141
27110678
57092021
432000601

0.10011
27111296
57044215
432000601

0.100364
27110040
57028321
432000601

0.103163
27110348
56969236
432000601

0.101123
27110038
57006008
432000601

0.100186
27110013
57062335
432000601

0.099328
27110154
56955959
432000601

0.100726
27111717
57015920
432000601

0.100114
27110545
57069591
432000601

0.099966
27110765
57074791
432000601

0.101215
27110347
57071392
432000601

0.100045
27110232
57106692
432000601

0.099921
27110152
56962849
432000601

0.100609
27110979
57024401
432000601

0.100352
27110318
57109427
432000601

0.100224
27111311
57091176
432000601
