31.1892
9758084557
33011239270
137438957569

31.1818
9758696516
33063721222
137438957569

31.1625
9759325496
33087500675
137438957569

31.0489
9758798561
33079322344
137438957569

31.07
9759240506
33130135277
137438957569

30.9925
9758788440
33152344442
137438957569

31.3499
9759355650
33138370937
137438957569

31.0629
9760596077
33008630744
137438957569

30.9958
9760215933
33156861170
137438957569

30.9673
9760420573
33157277708
137438957569

30.9653
9759785366
32946032487
137438957569

31.1659
9758952247
33095211486
137438957569

30.9975
9759637866
33105022157
137438957569

30.9892
9759227152
33161318093
137438957569

31.0225
9760176838
33100754181
137438957569

30.9659
9759628682
33169200301
137438957569

30.9974
9760035546
33172765514
137438957569

30.9295
9762020490
33150465698
137438957569

30.8681
9759559211
33045280306
137438957569
