120.07
33417045221
113770303217
463856474113

119.006
33418054923
112989712626
463856474113

118.661
33418513534
112950115585
463856474113

119.029
33416339029
113786402150
463856474113

119.658
33415918437
113522170476
463856474113

121.83
33418555608
112401989057
463856474113

119.651
33417953301
112656074103
463856474113

118.838
33416677578
113808108211
463856474113

118.899
33417511157
113701156121
463856474113

119.746
33417674176
113694287670
463856474113

119.658
33418363993
113853128073
463856474113

118.884
33419796886
112568307855
463856474113

119.169
33417811714
113684951969
463856474113

118.971
33417007447
113834133062
463856474113

118.796
33415845888
113691292624
463856474113

117.973
33417109452
113674413165
463856474113

118.741
33417451735
113800191370
463856474113

118.843
33419621602
113830135416
463856474113

118.976
33419391583
113760673787
463856474113

118.763
33419621465
113725222438
463856474113
