55.5107
94442918846472
0
94442918846801

55.1817
23637040479
41955775101
27648000001

54.9634
23637044263
42202252848
27648000001

55.3948
23636977535
41856551779
27648000001

54.9637
23636799505
42589643568
27648000001

55.8375
23637006454
41871221934
27648000001

53.6857
23636401645
43319413438
27648000001

53.3067
23637007952
42004044653
27648000001

53.3223
23636971415
42066366087
27648000001

53.3078
23636938823
42086909203
27648000001

53.3092
23637021213
42026299574
27648000001

53.9619
23636992530
41988247639
27648000001

55.3824
23637045052
41830389328
27648000001

55.3259
23637010976
41773574141
27648000001

55.1168
23636938086
42017941822
27648000001

55.063
23636844764
42194791305
27648000001

55.6563
23636451024
42832204975
27648000001

55.0183
23636579958
43933179814
27648000001

54.8769
23636715610
42775380959
27648000001

54.7926
23636724559
42444867972
27648000001

